Dirty LPs/000006.jpg
508 458 550 688
0 1 31 55 79 104 129 149 176 203 224 230
Dirty LPs/000018.jpg
268 964 302 1160
0 3 30 53 73 94 137 164 184 196
Dirty LPs/000030.jpg
382 660 420 874
0 0 36 57 89 121 167 188 204 214
Dirty LPs/000042.jpg
416 202 454 468
0 2 35 66 93 119 147 175 198 237 260 266
Dirty LPs/000048.jpg
480 230 514 448
0 0 37 71 93 115 153 171 208 218
Dirty LPs/000072.jpg
472 354 516 572
0 0 33 55 76 100 159 190 212 218
Dirty LPs/000078.jpg
578 1444 622 1732
0 0 25 55 81 106 133 156 179 201 236 258 288
Dirty LPs/000090.jpg
384 318 424 518
0 1 30 54 80 105 131 151 186 200
Dirty LPs/000091.jpg
530 556 566 784
0 0 38 73 95 118 158 187 217 228
Dirty LPs/000104.jpg
222 98 254 254
0 0 17 36 56 73 90 108 133 153 156
Dirty LPs/000129.jpg
536 1530 574 1762
0 0 29 57 79 106 133 157 180 217 232
Dirty LPs/000132.jpg
620 214 656 454
0 2 34 59 84 109 133 157 179 214 235 240
Dirty LPs/000140.jpg
872 902 914 1198
0 1 37 67 97 134 161 191 219 243 261 288 296
Dirty LPs/000157.jpg
518 228 558 500
0 0 41 70 92 122 150 174 197 234 260 272
Dirty LPs/000174.jpg
314 226 344 406
0 2 27 45 63 82 100 140 160 176 180
Dirty LPs/000180.jpg
806 1036 854 1404
0 0 41 87 120 164 191 227 275 308 336 368
Dirty LPs/000184.jpg
284 222 316 410
0 2 27 48 66 86 107 124 142 168 188
Dirty LPs/000188.jpg
642 472 690 752
0 0 41 72 97 124 156 181 204 242 280
Dirty LPs/000202.jpg
820 806 872 1114
0 0 30 55 82 111 140 168 203 241 265 289 308
Dirty LPs/000208.jpg
800 804 848 1114
0 2 23 48 76 109 140 173 203 231 274 304 310
Dirty LPs/000216.jpg
622 304 662 550
0 3 36 62 87 112 137 161 185 218 241 246
Dirty LPs/000227.jpg
478 602 516 794
0 3 26 48 71 90 111 131 163 180 192
Dirty LPs/000229.jpg
390 274 422 486
0 0 16 34 54 74 95 111 136 150 200 212
Dirty LPs/000236.jpg
586 578 632 842
0 0 43 69 94 119 146 169 192 226 248 264
Dirty LPs/000265.jpg
502 412 546 690
0 0 50 87 115 140 188 225 246 278
Dirty LPs/000267.jpg
292 298 320 472
0 0 27 55 73 91 119 141 158 174
Dirty LPs/000282.jpg
648 492 684 758
0 3 21 40 68 94 120 148 172 194 219 238 257 266
Dirty LPs/000283.jpg
716 1464 758 1728
0 0 18 48 90 114 183 211 264
Dirty LPs/000306.jpg
590 86 640 336
0 2 37 63 88 114 141 164 195 219 250
Dirty LPs/000307.jpg
262 942 296 1148
0 3 31 74 95 135 151 180 200 206
Dirty LPs/000323.jpg
646 512 684 766
0 0 40 68 98 126 190 212 228 253 254
Dirty LPs/000330.jpg
760 1208 804 1524
0 0 53 88 117 143 172 196 223 248 286 316
Dirty LPs/000335.jpg
356 506 392 706
0 3 29 50 69 90 110 130 147 176 193 200
Dirty LPs/000342.jpg
612 156 652 390
0 0 30 57 80 105 126 153 175 206 234
Dirty LPs/000350.jpg
640 1144 686 1418
0 0 49 69 90 116 142 191 215 274
Dirty LPs/000370.jpg
644 1448 688 1710
0 4 40 68 90 117 144 168 192 227 250 262
Dirty LPs/000386.jpg
536 144 574 414
0 3 28 49 68 96 124 153 179 200 216 242 264 270
Dirty LPs/000387.jpg
362 30 398 268
0 0 17 35 60 84 106 133 155 176 210 231 238
Dirty LPs/000388.jpg
340 1002 370 1192
0 0 35 63 81 100 134 155 179 190
Dirty LPs/000390.jpg
330 504 366 714
0 0 15 39 70 91 113 148 173 189 210
Dirty LPs/000404.jpg
954 612 1004 952
0 0 24 53 84 118 140 176 223 253 340
Dirty LPs/000408.jpg
498 176 540 404
0 0 30 149 170 203 228
Dirty LPs/000414.jpg
526 2 564 282
0 0 48 77 102 126 149 172 197 217 251 271 280
Dirty LPs/000415.jpg
720 448 768 756
0 0 43 76 105 134 165 193 219 257 308
LPs big/000031.jpg
862 692 910 1024
0 0 51 74 117 147 183 213 241 287 313 332
LPs big/000048.jpg
452 222 486 440
0 0 37 71 93 115 153 180 207 218
LPs big/000049.jpg
604 310 648 602
0 2 42 73 92 130 165 193 218 259 292
LPs big/000064.jpg
864 860 912 1176
0 2 22 56 85 135 166 195 223 250 316
LPs big/000078.jpg
998 846 1046 1170
0 2 23 58 88 122 153 178 201 229 257 286 324
LPs big/000084.jpg
526 26 562 288
0 0 45 71 95 120 142 157 188 221 262
LPs big/000085.jpg
648 380 692 698
0 2 21 41 86 119 145 167 195 223 285 308 318
LPs big/000088.jpg
806 1176 856 1480
0 0 22 56 101 131 159 214 248 282 304
LPs big/000110.jpg
728 1174 776 1468
0 0 51 98 125 153 179 203 241 264 294
LPs big/000119.jpg
716 388 760 684
0 2 38 82 112 141 183 209 296
LPs big/000134.jpg
956 510 1006 860
0 0 25 54 86 125 158 194 228 259 294 330 350
LPs big/000145.jpg
864 990 908 1290
0 2 42 73 105 136 167 196 224 267 292 300
LPs big/000220.jpg
638 1370 682 1630
0 0 19 50 75 101 125 151 177 209 240 260
LPs big/000244.jpg
952 294 1006 668
0 0 57 96 130 168 201 238 271 323 358 374
LPs big/000266.jpg
424 278 462 512
0 0 41 77 101 123 163 193 222 234
LPs big/000267.jpg
616 358 662 650
0 0 43 84 108 136 177 202 227 255 279 292
LPs big/000268.jpg
660 1268 704 1550
0 4 40 79 108 134 175 199 223 248 272 282
LPs big/000274.jpg
810 1182 856 1490
0 0 46 85 114 143 162 186 215 239 268 292 308
LPs big/000276.jpg
492 1192 538 1500
0 0 47 79 109 142 171 201 229 271 295 308
LPs big/000289.jpg
774 1078 818 1378
0 1 38 71 114 142 183 208 300
LPs big/000353.jpg
876 564 926 902
0 0 31 58 88 116 152 186 217 245 293 331 338
LPs big/000356.jpg
620 838 670 1180
0 0 50 120 153 188 219 248 292 323 342
LPs big/000364.jpg
642 1048 684 1332
0 0 38 68 98 129 158 185 210 237 275 284
LPs big/000368.jpg
494 312 534 582
0 0 47 72 98 123 147 164 195 230 251 270
LPs big/000384.jpg
430 174 466 416
0 0 33 58 84 111 136 160 183 218 239 242
LPs big/000385.jpg
690 328 736 646
0 0 27 49 83 112 145 175 203 231 275 304 318
LPs big/000405.jpg
832 868 874 1166
0 1 19 40 74 100 128 165 194 220 248 267 298
LPs big/000420.jpg
648 864 696 1164
0 0 52 74 96 127 156 210 247 285 300
LPs big/000426.jpg
706 1166 748 1444
0 2 40 69 98 126 156 181 206 247 270 278
LPs big/000441.jpg
682 1484 726 1748
0 3 43 84 111 136 183 216 264
LPs big/000445.jpg
882 872 928 1182
0 2 21 47 75 108 139 171 202 230 275 301 310
LPs big/000454.jpg
658 1352 700 1622
0 2 39 67 95 120 153 177 202 237 263 270
LPs big/000488.jpg
830 674 876 988
0 2 22 47 78 109 139 175 206 236 263 284 314
LPs big/000504.jpg
818 940 866 1256
0 0 48 83 114 144 175 205 232 278 303 316
LPs big/000550.jpg
826 368 876 688
0 0 58 105 136 166 216 257 295 320
LPs big/000573.jpg
672 804 714 1106
0 2 43 60 102 131 167 197 224 251 269 297 302
LPs big/000578.jpg
626 394 672 706
0 0 43 74 108 140 173 192 234 261 282 304 312
LPs big/000580.jpg
652 1116 694 1390
0 0 37 66 95 125 156 181 207 246 274 274
LPs big/000656.jpg
906 912 950 1234
0 0 46 82 114 147 179 209 238 267 322
LPs big/000674.jpg
896 592 944 930
0 0 47 84 119 152 178 212 253 280 305 338
LPs big/000690.jpg
910 886 956 1206
0 0 25 45 89 122 151 170 198 227 251 280 310 320
LPs big/000698.jpg
510 116 550 354
0 0 42 77 100 122 164 192 220 238
LPs big/000708.jpg
518 198 554 438
0 1 36 58 82 104 136 158 180 216 236 240
LPs big/000714.jpg
768 1150 812 1432
0 2 40 68 100 128 160 182 210 248 275 282
LPs big/000718.jpg
852 1044 896 1332
0 1 38 74 102 131 160 189 215 256 288
LPs big/000724.jpg
636 520 684 830
0 0 47 80 110 141 171 198 226 267 297 310
LPs big/000738.jpg
970 764 1014 1072
0 2 21 40 75 103 132 171 204 228 257 308
LPs big/000741.jpg
756 1182 802 1482
0 2 43 74 105 133 164 195 222 266 300
LPs big/000744.jpg
386 1420 428 1678
0 0 32 68 95 121 159 182 203 227 258
LPs big/000754.jpg
656 1456 700 1736
0 0 23 55 98 120 143 189 222 280